$ 1 0.000005 7.010541234668786 37 5 43 5e-11
. BC 1 3 3 5 CLK 2 0 0 DI 8 1 2 DO 11 1 3 S 7 1 0 W 6 1 1 JKFlipFlopElm\s1\s2\s3\s4\s5\rAndGateElm\s6\s7\s8\s1\rAndGateElm\s6\s7\s9\s3\rInverterElm\s8\s9\rInverterElm\s6\s10\rAndGateElm\s10\s4\s7\s11 4\\s0\s0\\s3\\s0\\s5\s0\\s3\\s0\\s5\s0\\s0.5\\s5\s0\\s0.5\\s5\s0\\s3\\s0\\s5
410 368 320 416 352 1 BC 4\s0 0\s3\s0\s5 0\s3\s0\s5 0\s0.5\s5 0\s0.5\s5 0\s3\s0\s5
410 112 320 160 352 1 BC 4\s0 0\s3\s0\s5 0\s3\s0\s5 0\s0.5\s5 0\s0.5\s5 0\s3\s0\s5
410 -144 320 -96 352 1 BC 4\s0 0\s3\s0\s5 0\s3\s0\s5 0\s0.5\s5 0\s0.5\s5 0\s3\s0\s5
w -80 288 -80 256 0
w -80 256 176 256 0
w 176 256 176 288 0
w 176 256 432 256 0
w 432 256 432 288 0
207 -112 288 -112 304 4 CLK
207 144 288 144 304 4 CLK
207 400 288 400 304 4 CLK
207 400 480 400 496 4 CLK
207 144 480 144 496 4 CLK
207 -112 480 -112 496 4 CLK
w 432 448 432 480 0
w 176 448 432 448 0
w 176 448 176 480 0
w -80 448 176 448 0
w -80 480 -80 448 0
410 -144 512 -96 544 1 BC 4\s0 0\s3\s0\s5 0\s3\s0\s5 0\s0.5\s5 0\s0.5\s5 0\s3\s0\s5
410 112 512 160 544 1 BC 4\s0 0\s3\s0\s5 0\s3\s0\s5 0\s0.5\s5 0\s0.5\s5 0\s3\s0\s5
410 368 512 416 544 1 BC 4\s0 0\s3\s0\s5 0\s3\s0\s5 0\s0.5\s5 0\s0.5\s5 0\s3\s0\s5
207 400 672 400 688 4 CLK
207 144 672 144 688 4 CLK
207 -112 672 -112 688 4 CLK
w 432 640 432 672 0
w 176 640 432 640 0
w 176 640 176 672 0
w -80 640 176 640 0
w -80 672 -80 640 0
410 -144 704 -96 736 1 BC 4\s5 0\s3\s5\s5 0\s3\s0\s5 0\s0.5\s5 0\s0.5\s5 0\s3\s0\s5
410 112 704 160 736 1 BC 4\s0 0\s3\s0\s5 0\s3\s5\s5 0\s0.5\s5 0\s0.5\s5 0\s3\s0\s5
410 368 704 416 736 1 BC 4\s5 0\s3\s5\s5 0\s3\s0\s5 0\s0.5\s5 0\s0.5\s5 0\s3\s0\s5
207 400 96 400 112 4 CLK
207 144 96 144 112 4 CLK
207 -112 96 -112 112 4 CLK
w 432 64 432 96 0
w 176 64 432 64 0
w 176 64 176 96 0
w -80 64 176 64 0
w -80 96 -80 64 0
410 -144 128 -96 160 1 BC 4\s0 0\s3\s0\s5 0\s3\s0\s5 0\s0.5\s5 0\s0.5\s5 0\s3\s0\s5
410 112 128 160 160 1 BC 4\s0 0\s3\s0\s5 0\s3\s0\s5 0\s0.5\s5 0\s0.5\s5 0\s3\s0\s5
410 368 128 416 160 1 BC 4\s0 0\s3\s0\s5 0\s3\s0\s5 0\s0.5\s5 0\s0.5\s5 0\s3\s0\s5
w -144 544 -144 736 0
w 112 544 112 736 0
w 368 544 368 736 0
w -16 544 0 544 0
w -16 352 32 352 0
152 16 848 16 912 0 4 0 5
w 48 160 -16 160 0
152 272 848 272 912 0 4 0 5
152 528 848 528 912 0 4 0 5
w 240 160 304 160 0
w 496 160 560 160 0
w 496 352 544 352 0
w 496 544 512 544 0
w 240 544 256 544 0
w 432 608 176 608 0
w 176 608 -80 608 0
w -80 608 -192 608 0
w -192 608 -192 416 0
w -192 416 -80 416 0
w -80 416 176 416 0
w 176 416 432 416 0
w -192 416 -192 224 0
w -192 224 -80 224 0
w -80 224 176 224 0
w 176 224 432 224 0
w -80 64 -240 64 0
w -80 256 -240 256 0
w -80 448 -240 448 0
w -80 640 -240 640 0
w -144 352 -144 544 0
w -144 352 -144 160 0
w 112 160 112 352 0
w 112 352 112 544 0
w 368 160 368 352 0
w 368 352 368 544 0
w -192 800 -80 800 0
w -80 800 176 800 0
w 176 800 432 800 0
w -192 608 -192 800 0
w -16 848 -16 736 0
w 0 848 0 544 0
w 32 848 32 352 0
w 48 848 48 160 0
w 240 736 240 848 0
w 304 848 304 160 0
w 240 352 288 352 0
w 288 352 288 848 0
w 256 848 256 544 0
w 496 848 496 736 0
w 512 848 512 544 0
w 544 848 544 352 0
w 560 848 560 160 0
L -144 160 -144 -32 0 1 false 5 0
L 112 160 112 -32 0 0 false 5 0
L 368 160 368 -32 0 1 false 5 0
L -192 800 -480 800 0 1 false 5 0
M 16 912 16 976 0 2.5
M 272 912 272 976 0 2.5
M 528 912 528 976 0 2.5
. 2:4\sDecoder 1 5 21 7 D0 1 0 3 D1 2 6 3 D2 3 12 3 D3 4 18 3 EN 7 0 2 S0 5 19 2 S1 6 20 2 DeMultiplexerElm\s1\s2\s3\s4\s5\s6\s7 0\\s2
410 -432 64 -352 272 1 2:4\sDecoder 0\s2
L -432 64 -480 64 0 1 false 5 0
L -432 672 -480 672 0 1 false 5 0
L -432 704 -480 704 0 1 false 5 0
x -539 806 -510 809 4 24 W/
x -508 806 -491 809 6 24 R
403 576 960 704 1024 0 102_64_0_4098_0.0000762939453125_0.1_-1_1
w -112 16 -112 96 0
R -432 16 -528 16 1 2 100 2.5 2.5 0 0.5
w -432 16 -112 16 0
